282
6	-	0.000250941
6	0	0.00677541
6	1	0.000752823
6	2	0.000501882
6	3	0.000501882
6	4	0.000752823
6	5	0.00225847
6	6	0.000250941
6	7	0.000501882
6	8	0.000752823
6	9	0.000250941
6	a	0.000752823
6	c	0.00225847
6	cé	0.000250941
6	d	0.00225847
6	dé	0.00100376
6	e	0.384693
6	f	0.0180678
6	g	0.000250941
6	gé	0.000752823
6	h	0.00100376
6	hé	0.000250941
6	i	0.00351317
6	ié	0.00175659
6	k	0.000501882
6	l	0.0396487
6	lé	0.00276035
6	mé	0.00100376
6	n	0.0260979
6	né	0.00351317
6	o	0.000250941
6	pé	0.000752823
6	q	0.000250941
6	r	0.0180678
6	ré	0.00326223
6	s	0.388457
6	sé	0.00225847
6	t	0.04266
6	té	0.00200753
6	u	0.0055207
6	ué	0.00100376
6	uë	0.000501882
6	vé	0.000501882
6	x	0.029862
6	y	0.000752823
8	'	0.00327065
8	0	0.000817661
8	a	0.00327065
8	c	0.00327065
8	d	0.0212592
8	e	0.250204
8	f	0.00408831
8	hé	0.00163532
8	i	0.0204415
8	k	0.000817661
8	l	0.00981194
8	là	0.0139002
8	lé	0.00163532
8	m	0.00163532
8	n	0.0327065
8	o	0.0114473
8	p	0.00490597
8	r	0.0498773
8	ré	0.000817661
8	s	0.11529
8	sé	0.00163532
8	t	0.397383
8	té	0.0122649
8	u	0.0253475
8	vé	0.00408831
8	x	0.00817661
17	.	0.0359712
17	a	0.0431655
17	c	0.00719424
17	d	0.0215827
17	e	0.165468
17	g	0.0359712
17	h	0.0215827
17	k	0.028777
17	l	0.0215827
17	m	0.0143885
17	n	0.0791367
17	o	0.0935252
17	p	0.0215827
17	r	0.0503597
17	s	0.143885
17	t	0.129496
17	w	0.00719424
17	y	0.0791367
18	e	0.166667
18	l	0.166667
18	o	0.0833333
18	r	0.0833333
18	s	0.5
19	.	0.00061627
19	0	0.00544371
19	1	0.00164339
19	2	0.00256779
19	3	0.0017461
19	4	0.0017461
19	5	0.00205423
19	6	0.00184881
19	7	0.0017461
19	8	0.0026705
19	9	0.00195152
19	a	0.00421117
19	b	0.000308135
19	bé	0.000102712
19	c	0.00338948
19	cé	0.000102712
19	d	0.00472473
19	dé	0.000821693
19	e	0.277629
19	f	0.00277321
19	g	0.00236237
19	gé	0.000410846
19	h	0.000924404
19	hé	0.00102712
19	i	0.00780608
19	ié	0.000513558
19	k	0.000513558
19	l	0.0314297
19	lé	0.00112983
19	m	0.00359491
19	mé	0.000102712
19	n	0.102609
19	né	0.000410846
19	o	0.00410846
19	p	0.00205423
19	pé	0.000102712
19	r	0.0410846
19	ré	0.00061627
19	s	0.348911
19	sé	0.000308135
19	t	0.0768283
19	tÉ	0.000410846
19	té	0.0295809
19	u	0.00575185
19	ué	0.00061627
19	v	0.000102712
19	vé	0.000308135
19	w	0.000410846
19	x	0.0172555
19	y	0.000205423
19	yé	0.000102712
19	z	0.000308135
20	-	0.000239751
20	.	0.00455526
20	0	0.00167825
20	1	0.00215776
20	2	0.0014385
20	3	0.0014385
20	4	0.000479501
20	5	0.000719252
20	6	0.000719252
20	8	0.000479501
20	?	0.000239751
20	a	0.0647327
20	aï	0.00191801
20	b	0.00263726
20	c	0.0148645
20	d	0.0417166
20	e	0.190362
20	f	0.00935028
20	g	0.0160633
20	gé	0.000239751
20	h	0.0119875
20	hé	0.000959003
20	i	0.0347638
20	j	0.000719252
20	k	0.0139055
20	l	0.0364421
20	lé	0.00167825
20	m	0.0189403
20	n	0.111244
20	né	0.000479501
20	o	0.0393191
20	p	0.00671302
20	pé	0.000239751
20	q	0.000719252
20	r	0.0628147
20	ré	0.00119875
20	s	0.136418
20	sé	0.000479501
20	t	0.0733637
20	té	0.000959003
20	u	0.0139055
20	ué	0.000239751
20	v	0.00647327
20	w	0.00215776
20	x	0.0170223
20	y	0.0395589
20	z	0.0112683
21	'	0.174468
21	_à	0.0297872
21	c	0.0170213
21	e	0.357447
21	là	0.00283688
21	n	0.012766
21	né	0.00141844
21	où	0.00141844
21	r	0.0156028
21	s	0.192908
21	t	0.00992908
21	té	0.00141844
21	u	0.171631
21	x	0.0113475
23	l	0.5
23	s	0.5
25	-	0.85
25	e	0.1
25	r	0.05
30	a	0.105691
30	c	0.000325203
30	cé	0.000325203
30	d	0.00552846
30	e	0.226667
30	g	0.000650407
30	i	0.00162602
30	l	0.00325203
30	n	0.00422764
30	p	0.000325203
30	r	0.000650407
30	s	0.0386992
30	t	0.602927
30	té	0.000325203
30	u	0.00195122
30	x	0.000325203
30	z	0.00650406
31	n	0.0322581
31	s	0.83871
31	z	0.129032
32	_à	0.00283688
32	c	0.00070922
32	d	0.00141844
32	e	0.115603
32	n	0.00425532
32	r	0.863121
32	s	0.0035461
32	t	0.00496454
32	u	0.00212766
32	x	0.00070922
32	z	0.00070922
33	'	0.000332116
33	bé	0.00298904
33	c	0.000332116
33	cé	0.0102956
33	d	0.000996347
33	dé	0.0109598
33	e	0.242776
33	f	0.000332116
33	fé	0.00132846
33	gé	0.0136167
33	hé	0.00763866
33	i	0.0235802
33	ié	0.0146131
33	l	0.000996347
33	lé	0.0239123
33	mé	0.0132846
33	n	0.00332116
33	né	0.0275656
33	p	0.000664231
33	pé	0.0063102
33	r	0.00232481
33	ré	0.031551
33	s	0.379276
33	sÉ	0.000332116
33	sé	0.0468283
33	t	0.0132846
33	té	0.0514779
33	u	0.0255729
33	ué	0.0298904
33	vé	0.00830289
33	yé	0.00498173
33	éé	0.000332116
34	_à	0.00173913
34	e	0.0121739
34	t	0.986087
35	e	0.689189
35	s	0.027027
35	t	0.27027
35	z	0.0135135
